A1 on
Decimal: 1381719 (24Bit) Binary: 000101010001010101010111 Tri-State: 0FFF0FFFFFF1 PulseLength: 321 microseconds Protocol: 1
Raw data: 10012,368,928,368,932,364,940,1008,296,356,944,1004,300,352,948,1004,304,344,952,1000,308,344,952,1000,312,340,952,1000,312,340,960,992,312,340,956,996,312,340,968,984,316,336,972,984,312,992,320,984,324,

A1 off
Decimal: 1381716 (24Bit) Binary: 000101010001010101010100 Tri-State: 0FFF0FFFFFF0 PulseLength: 321 microseconds Protocol: 1
Raw data: 10008,372,928,368,932,368,924,1024,284,368,936,1016,288,364,944,1004,300,352,948,352,952,348,948,1000,304,348,948,1004,308,344,952,1000,304,348,952,1000,312,340,960,992,308,344,960,996,308,996,316,992,316,

A2 on
Decimal: 1394007 (24Bit) Binary: 000101010100010101010111 Tri-State: 0FFFF0FFFFF1 PulseLength: 321 microseconds Protocol: 1
Raw data: 10028,352,956,344,952,344,956,996,300,348,964,988,316,336,956,996,320,332,960,992,316,336,964,340,964,336,960,992,316,336,968,988,320,332,968,984,320,332,968,988,328,324,968,988,320,988,320,984,320,

A2 off
Decimal: 1394004 (24Bit) Binary: 000101010100010101010100 Tri-State: 0FFFF0FFFFF0 PulseLength: 321 microseconds Protocol: 1
Raw data: 10028,356,944,352,948,352,956,996,304,344,952,1004,304,344,960,996,304,348,956,996,320,332,960,992,320,332,968,984,312,340,968,988,312,340,964,988,316,336,964,992,312,340,968,988,316,992,316,988,316,

A3 on
Decimal: 1397079 (24Bit) Binary: 000101010101000101010111 Tri-State: 0FFFFF0FFFF1 PulseLength: 323 microseconds Protocol: 1
Raw data: 10072,372,940,364,940,364,940,1020,300,352,948,1016,300,352,956,1008,308,348,952,1008,308,348,960,1000,308,348,40,84,840,1000,312,340,964,996,312,340,964,992,316,340,964,992,328,328,960,996,316,992,320,

A3 off
Decimal: 1397076 (24Bit) Binary: 000101010101000101010100 Tri-State: 0FFFFF0FFFF0 PulseLength: 321 microseconds Protocol: 1
Raw data: 10008,372,928,368,928,368,932,1020,288,360,940,1012,296,356,944,1008,300,352,948,1004,304,348,956,1000,308,344,956,344,956,344,956,996,316,336,960,996,312,340,960,992,316,336,964,992,320,984,324,984,324,

B1 on
Decimal: 4527447 (24Bit) Binary: 010001010001010101010111 Tri-State: F0FF0FFFFFF1 PulseLength: 322 microseconds Protocol: 1
Raw data: 10020,364,932,1012,296,356,948,352,948,352,948,1000,304,348,956,996,308,344,960,992,320,332,964,992,312,340,972,980,328,328,976,976,332,320,984,972,332,320,992,960,348,308,992,960,352,952,360,948,360,

B1 off
Decimal: 4527444 (24Bit) Binary: 010001010001010101010100 Tri-State: F0FF0FFFFFF0 PulseLength: 321 microseconds Protocol: 1
Raw data: 10000,392,912,1020,288,364,940,356,948,352,944,1008,296,356,952,1000,308,344,956,996,308,344,964,992,316,336,968,984,324,328,972,984,324,328,968,988,320,328,972,988,320,332,972,984,324,980,328,980,328,

B2 on
Decimal: 4539735 (24Bit) Binary: 010001010100010101010111 Tri-State: F0FFF0FFFFF1 PulseLength: 321 microseconds Protocol: 1
Raw data: 10012,372,928,1012,292,360,944,356,944,352,952,1000,304,348,960,992,316,336,960,996,316,336,960,992,320,332,972,984,332,320,972,984,324,328,972,984,324,328,980,976,328,324,976,980,332,976,336,972,332,

B2 off
Decimal: 4539732 (24Bit) Binary: 010001010100010101010100 Tri-State: F0FFF0FFFFF0 PulseLength: 322 microseconds Protocol: 1
Raw data: 10012,372,932,1016,300,352,940,360,940,360,944,1008,296,356,956,996,312,340,956,1000,312,340,952,348,964,336,960,996,304,348,968,984,312,340,968,988,312,340,960,996,324,328,964,992,316,336,964,340,980,

B3 on
Decimal: 4542807 (24Bit) Binary: 010001010101000101010111 Tri-State: F0FFFF0FFFF1 PulseLength: 325 microseconds Protocol: 1
Raw data: 10056,376,932,1024,284,368,936,364,936,368,936,1020,292,360,944,1012,296,356,948,1008,300,352,952,1004,308,348,956,1000,312,340,960,996,308,348,960,996,320,332,964,996,316,336,964,992,332,980,316,992,320,

B3 off
Decimal: 4542804 (24Bit) Binary: 010001010101000101010100 Tri-State: F0FFFF0FFFF0 PulseLength: 321 microseconds Protocol: 1
Raw data: 10000,388,916,1032,276,376,932,364,932,368,928,1024,284,368,940,1012,288,364,944,1008,296,360,944,1008,300,352,948,1004,304,352,952,1000,304,348,952,1000,308,344,960,996,312,340,964,992,312,992,320,988,316,

C1 on
Decimal: 5313879 (24Bit) Binary: 010100010001010101010111 Tri-State: FF0F0FFFFFF1 PulseLength: 321 microseconds Protocol: 1
Raw data: 10012,376,924,1024,280,372,940,1012,288,364,936,360,940,360,940,1012,296,356,944,356,948,352,944,1012,300,348,948,1004,304,348,956,1000,308,340,960,996,312,340,956,996,312,340,968,988,312,992,316,992,320,

C1 off
Decimal: 5313876 (24Bit) Binary: 010100010001010101010100 Tri-State: FF0F0FFFFFF0 PulseLength: 321 microseconds Protocol: 1
Raw data: 10008,380,924,1008,292,360,944,1008,300,352,952,348,952,348,952,1000,312,340,960,992,316,336,964,992,316,336,968,988,320,332,968,988,324,328,972,984,324,328,976,976,332,324,976,980,328,980,332,976,332,

C2 on
Decimal: 5326167 (24Bit) Binary: 010100010100010101010111 Tri-State: FF0FF0FFFFF1 PulseLength: 321 microseconds Protocol: 1
Raw data: 10016,372,924,1024,284,368,936,1016,292,360,940,360,948,352,940,1012,296,356,944,1008,300,352,956,344,952,348,956,1000,304,348,956,996,312,340,956,1000,316,336,960,996,312,340,960,996,316,988,316,992,320,

C2 off
Decimal: 5326164 (24Bit) Binary: 010100010100010101010100 Tri-State: FF0FF0FFFFF0 PulseLength: 321 microseconds Protocol: 1
Raw data: 10012,376,920,1016,292,356,944,1008,296,356,948,352,952,348,960,992,312,340,960,992,316,340,964,988,316,336,968,988,320,332,976,980,320,332,972,984,328,324,980,976,324,328,976,980,328,980,336,972,332,

C3 on
Decimal: 5329239 (24Bit) Binary: 010100010101000101010111 Tri-State: FF0FFF0FFFF1 PulseLength: 325 microseconds Protocol: 1
Raw data: 10084,368,936,1024,296,360,944,1012,304,352,948,356,952,352,948,1008,300,352,956,1000,308,348,956,1000,312,344,960,996,316,336,968,992,320,332,972,988,320,332,968,992,324,328,976,984,324,984,324,984,324,

C3 off
Decimal: 5329236 (24Bit) Binary: 010100010101000101010100 Tri-State: FF0FFF0FFFF0 PulseLength: 321 microseconds Protocol: 1
Raw data: 10012,376,924,1024,284,368,928,1020,292,360,940,360,940,360,936,1016,296,356,944,1008,308,344,952,1000,308,344,956,996,312,340,960,996,308,344,960,992,316,336,964,992,316,336,964,992,316,988,320,988,324,

D1 on
Decimal: 5510487 (24Bit) Binary: 010101000001010101010111 Tri-State: FFF00FFFFFF1 PulseLength: 321 microseconds Protocol: 1
Raw data: 10008,380,920,1016,288,364,940,1008,296,356,948,1008,304,348,952,348,952,348,952,1000,308,344,968,988,316,332,964,988,324,332,968,984,320,332,968,988,324,328,976,980,336,316,976,984,328,976,332,976,332,

D1 off
Decimal: 5510484 (24Bit) Binary: 010101000001010101010100 Tri-State: FFF00FFFFFF0 PulseLength: 323 microseconds Protocol: 1
Raw data: 10028,364,936,1012,292,356,924,1024,292,360,956,1008,280,364,936,364,940,360,960,340,960,340,960,992,316,336,964,992,316,336,972,984,316,336,968,988,320,332,972,980,324,332,968,984,328,980,324,980,328,

D2 on
Decimal: 5522775 (24Bit) Binary: 010101000100010101010111 Tri-State: FFF0F0FFFFF1 PulseLength: 321 microseconds Protocol: 1
Raw data: 10020,368,932,1020,284,368,932,1016,300,352,948,1004,300,352,948,352,952,348,948,1008,300,348,952,352,952,348,956,996,312,340,960,992,320,332,964,992,316,336,968,988,320,332,968,988,320,984,320,988,328,

D2 off
Decimal: 5522772 (24Bit) Binary: 010101000100010101010100 Tri-State: FFF0F0FFFFF0 PulseLength: 321 microseconds Protocol: 1
Raw data: 10008,380,924,1028,276,376,928,1020,284,368,932,1020,300,352,944,360,940,360,944,1008,296,356,944,356,948,352,952,1000,304,352,952,1000,308,344,960,996,308,344,960,992,312,340,968,988,316,988,316,992,320,

D3 on
Decimal: 5525847 (24Bit) Binary: 010101000101000101010111 Tri-State: FFF0FF0FFFF1 PulseLength: 326 microseconds Protocol: 1
Raw data: 10108,360,944,1020,292,360,952,1012,296,356,952,1008,304,352,956,348,956,348,956,1000,308,348,972,984,328,328,968,992,312,340,972,988,320,336,972,984,320,336,972,988,324,328,972,988,324,984,328,984,328,

D3 off
Decimal: 5525844 (24Bit) Binary: 010101000101000101010100 Tri-State: FFF0FF0FFFF0 PulseLength: 322 microseconds Protocol: 1
Raw data: 10012,376,924,1024,288,364,940,1012,288,364,944,1008,292,356,948,352,948,352,952,1000,304,348,952,1000,308,344,956,1000,312,340,960,992,312,340,964,988,320,336,964,988,320,332,972,984,324,984,320,984,328,


